1288310761220014080
1288247337194725376
1288224499213582337
1287802507423408128
1287601144911425536
1287521059961311232
1287450821144109057
1287148876432998400
1287148768047980544
1287146279500275712
1287077294637346816
1287077117461594113
1286902968369819648
1286902246827913221
1286901981232001026
1286897036814475264
1286811961951309824
1286706974487240704
1286697711681511425
1286558269335461893
1286103186907058177
1286098573788975107
1285782783512567808
1285779607887556619
1285286292880687105
1285083908367773696
1285030716800069632
1285014634076835840
1284727891272429569
1284667155305267201
1284666241139879937
1284665629341937666
1284638742351757313
1284622412697354240
1284612703751778305
1284610493731074048
1284356833235202048
1284331768418496512
1284287888339775488
1284287543731601408
1284285480129847297
1284284612504514560
1284283573797654528
1284279282672431105
1284279206105370624
1284192844979204096
1284189310925721601
1284182466920497152
1283961709586071552
1283913411722481665
1283628897423077376
1283194265875525632
1283176801292840960
1283137359299526656
1283115598461890561
1283104944204046336
1283103121430818816
1283102907873636352
1282711428223258624
1282706540001030144
1282553433606651904
1282512060887121920
1282511756162592769
1282509787746275328
1282481358422413313
1282466272102330368
1282369846542385152
1282357694116970496
1282356999607291904
1282204068866256897
1282153415141818368
1282121083684925440
1282120281541111809
1282120040762884096
1282118828931969024
1282118335983833088
1282114241927897089
1282113647594987520
1282113062477037569
1282110746915004417
1282086656602865664
1282008357973327877
1282004953326776321
1281733812305551360
1281733589709672448
1281480179915710465
1281446057084248064
1281392535508668416
1281326691466399745
1281326175730589696
1281304046427488256
1280907399923032064
1280750842899881984
1280708178720645122
1280651499375230976
1280552761843576832
1280178668258484225
1280178029910605832
1279943726572290049
1279824266855243777
1279582954683985920
1279569332062711808
1279554330266234880
1279497088401682437
1279229163287658496
1279224488278683648
1279119615444967424
1278771649764982784
1278729371050627072
1278554181188456448
1278501128431374336
1278492865044201472
1278487515607953409
1278487387497050113
1278472279454670850
1278048465646313472
1278046162964983808
1278009766233518081
1277781462025035776
1277780595683192832
1277746049235353600
1277735823299887105
1277704422772977664
1277693367246176256
1277677211462459392
1277647392871858177
1277645208629346304
1277429235221557248
1277307066915291144
1277305786205523968
1277286237917741057
1277281410634547200
1277076398096519169
1277076284401582081
1276603341557035008
1276355816715456512
1276085563553013760
1275909576701820928
1275909469466025984
1275908271107305473
1275899403631378432
1275895493386661889
1275882246860230658
1275880924438097921
1275565681350635520
1275565571086512128
1275478183031132160
1275206676077899776
1274942814976045056
1274941995509616640
1274890007321276416
1274874075081347073
1274859304160378880
1274501730542084096
1274497656920760320
1274492481854300160
1274492373653811200
1274467541419585536
1274457544530948096
1274433145018802176
1274238467468230656
1274182714095091712
1274156239488839681
1274131127444238337
1274121263800184832
1274119918426832896
1274119404725231616
1274118732273442816
1274118659619749888
1274094032591839234
1274043730496872450
1274031562040827904
1274031238559313920
1274030902155161600
1273827681725906944
1273816015038582785
1273815469711962113
1273813325315366913
1273812059193401344
1273799657127174144
1273789104497422336
1273788908510175232
1273788732982718464
1273785227169554432
1273782709219778560
1273763179173015552
1273762642423758848
1273761401102905472
1273723767961686016
1273707294635651072
1273693648807313408
1273693556712960000
1273691682710540289
1273678689318825984
1273672527944880130
1273440627607302145
1273439949438607360
1273017413588512773
1273000866253910016
1273000770149871616
1272964781717110784
1272964721344278528
1272964629929443328
1272957776713506816
1272954014049513472
1272831049890820097
1272664054784421888
1272663678844731392
1272663467321782273
1272650645883895809
1272647347508400128
1272647277983657984
1272586743686950912
1272345693311516672
1272345585295609856
1272344132749418497
1272344001706778624
1272343955317723136
1272343372439539712
1272302745765113856
1271967044791971840
1271914095764140032
1271627999238950912
1271590473820340226
1271283467657940999
1271180988194775040
1270859171974352896
1270858093287534594
1270857945119485953
1270605891553751041
1270605856074162176
1270550172955639809
1270412834204073986
1270252895049445377
1270207398632755200
1270207175990710272
1270206758422581249
1270206430021169152
1270206312282877953
1270136980228108288
1270105900762624000
1269730180127322112
1269729553120780289
1269460027947048960
1269450787647680512
1269149896537337857
1269148370213367808
1269147835666059264
1269147129794060288
1268765461648257024
1268699733578506241
1268698616614408193
1268698531784581120
1268241644538589185
1267902280944111617
1267901079712174080
1267898063848235010
1267605405967904768
1267539506757951489
1267538248940711936
1267536959057965057
1267235940851789825
1267235508150611968
1267234352108199939
1266989960701177856
1266967548932706304
1266925696334479362
1266915586732249088
1266872510038962178
1266530704172580865
1266523145617342465
1266515052120559617
1266514757814677504
1266513134946148354
1266445817402945536
1266444342945673217
1266430240110211072
1266221636832727041
1265812291024388102
1265439371236241416
1265377577041932288
1265338867567099909
1265133407492730881
1265124464242470915
1265110016924635136
1265107818744393728
1265097192294895616
1265097104206163970
1265096018057560064
1264351929364168711
1264343617310650368
1264340628608958465
1264338988044705792
1264337376056205312
1263674463083622401
1263621181589995526
1263618841680031745
1263607875856814080
1263523105332322304
1263386080876785664
1263383399483363329
1263380945823952896
1263171644635312128
1263170067690164225
1262911866226872320
1262911424839290880
1262895676012351490
1262894795086848000
1262893015636406274
1262892227052871680
1262890895051034624
1262796436535603200
1262561465040437249
1262529078352965632
1262524618373386240
1262521469377974272
1262521380442005505
1262511806527860736
1262511771870310400
1262511740463362048
1262499990330470400
1262430293606010883
1261856989665128449
1261856923441229824
1261856865090072576
1261836486736936960
1261143404672499712
1261092014776446976
1261065464899186688
1261053842298294272
1261049061735452672
1261032393651048448
1260981839021305856
1260980635797250048
1260980342577496064
1260980055460573184
1260979936975704066
1260842236662566912
1260835586169921536
1260835377214099456
1260835208036663296
1260835065010872321
1260835033503264768
1260743947476856833
1260725478756741122
1260658646859431936
1260655743323090945
1260653884269137921
1260436273472442374
1260403651182424064
1260295285873324032
1260295082256683008
1259932887324913664
1259932291825938432
1259932153409712128
1259619865960181762
1259604892760436736
1259316201328529408
1259270886579822592
1258955595165478913
1258899536568676358
1258867425388331008
1258817620309979137
1258656263782580224
1258587817359245315
1258548341522063360
1258524975390093312
1258170406134935554
1257922459749105667
1257731289135775744
1257515095116013570
1257492330312941568
1257420601402306560
1257075073459957761
1257026366781833216
1256777806739988480
1256674449740316672
1256672475191996416
1256668498941497344
1256667274036961280
1256640722184237056
1256482020156305408
1256415258542931969
1256415225437278208
1256354126784393216
1256299888796553221
1256019985459056640
1256018127650865152
1255674045271425024
1255579527616421888
1255208260887437313
1255190225988382720
1255046679356567552
1255046611228475395
1255022039473156098
1254950492897021952
1254937216956002304
1254937147871604737
1254937085917577216
1254936609943769088
1254922704387403776
1254922681641623552
1254921655299665920
1254921364265304064
1254862003648131072
1254861370903810048
1254858242372407296
1254857354140475392
1254662678305366016
1254558332066529281
1254470865124601856
1254463844983820289
1254463638015885314
1254317715398881280
1254205715557670918
1254205063922212864
1254204725966172161
1254202815922073600
1254202628516352001
1254196803399901189
1254183123174092802
1254155054686171136
1254154639060033536
1254145291575418880
1254112407573508096
1253955868493615106
1253794229366620160
1253769941016129537
1253597609698004992
1253568080036294656
1253474439850635264
1253469550298816513
1253468600087638016
1253465273111175169
1253464308056391680
1253408581522558976
1253079045262065664
1252827120402788352
1252826676414709762
1252767546555551744
1252691151758389249
1252642557743398912
1252470521221931008
1252391879275995137
1252354332130869251
1252314047090839552
1252264361516650496
1252080108170383362
1252076038881861638
1252059183748231168
1252052521419341825
1252052073656410114
1252036690362785795
1251964444147511296
1251963204973936640
1251923626955173889
1251666786023440384
1251632078770237440
1251579007960674304
1251576499519369216
1251576129426558976
1251355010589323264
1251352751079972864
1251352625133453312
1251348860175147009
1251348011373879296
1251347692938162176
1251344541208023040
1251344196591431680
1251343854302683136
1251343819687079940
1251343593198895104
1251331044478877696
1251302553989439489
1251302397827149824
1251302097779167233
1251302040598245376
1251301805041913856
1251301099396403200
1251296349267456000
1251296100943683584
1251211271715778560
1251047183173816320
1250942684681756675
1250942647604178944
1250899868769374208
1250679149863112704
1250565527027675137
1250505669481861121
1250240811922419717
1249878593678659584
1249852756996657152
1249832456577925120
1249443308868231168
1249222511675359234
1249187301655293955
1249187081227767808
1249170139733536768
1249169908237205508
1249168061573332992
1249029792793366529
1248814299251802112
1248814244813885440
1248782130206793728
1248780286856314880
1248778966107705344
1248655220122345472
1248655150534635520
1248453137582551046
1248451582003277825
1248417165360779267
1248411711670898688
1248388061441867776
1248380790699786240
1248305908431482880
1248133930550607872
1247989301448544256
1247952985369366530
1247943647225499651
1247925733780934656
1247789470612516865
1247713801912401920
1247712336317685761
1247701144345833473
1247640713774260224
1247349271424204801
1247348610901008384
1247348231094206476
1247348139645792257
1247343483343400960
1247286712801189888
1247285988507840512
1247028002472382466
1246920251083653122
1246920099274969089
1246919791161405442
1246664046574596096
1246656429227790336
1246320043861794817
1246239547291086848
1246182148060499968
1245869706432536577
1245869645682184192
1245869191833346048
1245860639857209344
1245818834994397187
1245756568777281537
1245566710855241728
1245566609411850240
1245484298381090816
1245206367381553152
1245140953003782144
1245134291006148608
1245074646690496512
1244822161753124864
1244809061247275009
1244717538929299456
1244692217442086912
1244690100333625344
1244528307896369158
1244460244719112192
1244460066024992768
1244413490644652032
1244324455175688197
1244312723266998273
1244102019314413568
1243695627801788416
1243631116554100736
1243415839417589766
1243392479564427266
1243392311431548935
1243357382685544448
1243356874193252352
1243078455769481221
1243076685613764608
1243047857231245312
1243039483248783360
1243037447967002624
1242992423711563777
1242990530977353728
1242990431178125313
1242990360801902592
1242990277867884544
1242990226621886464
1242978036858798080
1242977949822808065
1242944412054740992
1242940828563062785
1242588898707951616
1242588276327768066
1242588119938945024
1242588076758581248
1242587969690558465
1242553261053202432
1242256687181918208
1242256258767286272
1242251620378750976
1242172924578037760
1241812435285069824
1241790887140589568
1241599880667131906
1241554481537380352
1241551972114690049
1241546750877290497
1241496875229777920
1241496864966373376
1241190343959138306
1241138293296652288
1241132037538373633
1241116855302930432
1241093209276600321
1241088391749328901
1240907675015102464
1240886216347643905
1240885654323511297
1240885469736357888
1240797485209014272
1240792315611869185
1240783596752789505
1240776138714042369
1240775026879561734
1240753925793312768
1240736877876928512
1240736578072236033
1240734928674816001
1240471575763140611
1240413025405792257
1240411212266930176
1240411109141536768
1240368893010382849
1240368699644600320
1240165783474335744
1240136006201982976
1240064511555469312
1240064326565646342
1239999708501651456
1239979724094357504
1239779757207609345
1239765464227565569
1239742527252484097
1239600335456366592
1239600245459181568
1239291284272992256
1239282575912235008
1239060550635499521
1239060276562935808
1238938884253167616
1238626414808592384
1238618189048627200
1238606685565927424
1238571504205348864
1238568454849884160
1238564237200392192
1238556245130244096
1238241131801874433
1238239742770077697
1238189367056666624
1238182950866259968
1238182764169424896
1238182399499841536
1238143532977639425
1238143259089588236
1238132724872835073
1238131089417195520
1238130988204453888
1237993063168917510
1237947173431422979
1237937818636189696
1237936040930762754
1237920602125504512
1237778522304704512
1237437391226286080
1237437020672151552
1237436452163571712
1237420959239303168
1237143937019596800
1237138247987294209
1236851762234941440
1236833255682240512
1236728521306722304
1236695993573232640
1236458991682641921
1236159578154270722
1236159516183384064
1236108087821402113
1236075129496424449
1236075068431536130
1236075042678509568
1236066380358639616
1235996570253848576
1235983775596572673
1235979304967630848
1235804504177573888
1235765349116784640
1235762769124868099
1235762645841702913
1235762519169433600
1235762350130704384
1235762267557249024
1235709630535200769
1235679155368288256
1235671765944160256
1235670056089964544
1235669913064189952
1235669871758696448
1235659490478788608
1235656797383360512
1235370809637494785
1235350246034677760
1235272495197908992
1235073679576322048
1235026694764761089
1235023765777428481
1235023622420361217
1235018445760024581
1235009301023838210
1235008770020765698
1235003140027506689
1234973952331485184
1234973803538608128
1234959535233589249
1234722937019613185
1234700200523907072
1234695141434122240
1234693502480445441
1234689173140803585
1234687971724427264
1234687515585437697
1234565475675164672
1234552706112425984
1234532241742561280
1234529628133347339
1233860928300404737
1233444079897169920
1233196371831709699
1233196008395272194
1233195947217178626
1233099528967864325
1232878523947175936
1232859835512672256
1232855088772726784
1232854925094215680
1232854845146615808
1232854449682468865
1232811505885700098
1232402094990061569
1232061068689596417
1232043052107124736
1232036083262607360
1232035812297961473
1232033188186210304
1232030966484328448
1232030844702691328
1232030683968593920
1232026006531129344
1232025079464087552
1231510552083451904
1231411725867470848
1231288822966566912
1231113010908811264
1231094298675822595
1231047903742836736
1231035027691098112
1231031874824196096
1231031742061928448
1231031504702033920
1231007213952438272
1230989933180928000
1230929689251696640
1230909261745516544
1230906824301264896
1230906510961606657
1230743470827982848
1230716223777726467
1230659279712997376
1230627451635560449
1230616982275248129
1230584443313651712
1230418769501048832
1230361422057463810
1230019153970380800
1229988010541768705
1229846507823611904
1229825688389074944
1229823662405996544
1229823563722412033
1229546677763100672
1229322017532301312
1229268896005246978
1229265122570293254
1228751635234426881
1228748901433217024
1228496178217545729
1228427322706972672
1228407430079336453
1228379242037010432
1228379014177292288
1228180961352830976
1228148037047861248
1228147958299758592
1228147881179090945
1228145931138125824
1228095509396508674
1228051982687993856
1228049301466562561
1228041259807174656
1228014417742155776
1227875092719235072
1227855753966280711
1227840931769901056
1227840718888026112
1227800387710619649
1227799775665213441
1227799337196896256
1227678580139683840
1227501749188980736
1227441492773474304
1227441306873495558
1227438075611111424
1227437972615827456
1227299990696910848
1227287485387964416
1227114413578022912
1227065074163912704
1227034942871228417
1227013611106656256
1226964175357988864
1226955851820199938
1226670358465376256
1226661183131750402
1226651578079121409
1226651533858619394
1226600157518516224
1226600123922124800
1226600062765031424
1226595037607161856
1226432983076241409
1226345105969172481
1226342434033954816
1226264892245598208
1226204669149503488
1226006909196484610
1225949320525934593
1225938373879181312
1225917258804776960
1225251324847017985
1225112038071918593
1224898318410477569
1224895195965059074
1224895162137972736
1224860053171081217
1224859876205031425
1224858870075408384
1224771929757765632
1224764464525795328
1224492097111113738
1224213271215050752
1224213095796658176
1224182342606036992
1224181712957165568
1224141677637578752
1224123345395965952
1224119043436810242
1224106336129994753
1224032466220081152
1223838626657771520
1223838556424212480
1223838509989011458
1223838364815765509
1223838172209123328
1223818682381602819
1223496691812372480
1223371410137067523
1223349294650068993
1223347983196073985
1223339843037487104
1223330033856417792
1223329732390899713
1223328440952094720
1223328408748249089
1223316936617951232
1223151381327966208
1223085339691999232
1222981203743006720
1222799555273478144
1222772350812213249
1222667392775413760
1222667301159227393
1222601912454795265
1222601704417325056
1222588751857082369
1222587964246478849
1222576668352503808
1222573758675709952
1222379019653402624
1222325442725593088
1222325225871695872
1221941172907589632
1221936032033017856
1221932161617428480
1221872234018623488
1221668766565617665
1221647577189244928
1221646717524688897
1221646473781104642
1221558906540789760
1221267504057552896
1221224767694336000
1221217569647951872
1221213574221090816
1221170534378950656
1221003282488807425
1220938880557314048
1220889004742070273
1220858535031930880
1220857952476643328
1220838561118744578
1220576081184296960
1220518255971844096
1220511122534461440
1220471706831077376
1220438281491492865
1220438144241340417
1220170816454705154
1220170712419201025
1220155556163272704
1220081134911901696
1219853175739469824
1219695839817297921
1219689019593773056
1219688985687015425
1219454157154729984
1219409834094645248
1219399565746438145
1219399003793584128
1219398921824292864
1219364138050191361
1219357828059545601
1219357544277086208
1219320695584251905
1219098493068775424
1219097371134398464
1219097339056422913
1219047441401409536
1219037486560600064
1218971774240481280
1218728371137302528
1218728294780043264
1218727999027105797
1218719232986271744
1218701291951575040
1218701140700778496
1218700495809724416
1218666196410621953
1218666057637842944
1218653854553653248
1218651122459500545
1218651087810396161
1218651038200156160
1218626947476946944
1218626819861037056
1218625527226888194
1218624664219447296
1218291459712962560
1217970204661047298
1217969464651575296
1217870206833328129
1217586878569836545
1217532438634565633
1217526066887061508
1217294711448166402
1217281767230468096
1217263981552787456
1217200233878151168
1217169300127014913
1217161735854940161
1216900424529104896
1216816610805051392
1216797688160645120
1216544130379046913
1216543972891299840
1216543883284234245
1216529637943037953
1216484557341331456
1216483280746250240
1216482336549687296
1216437310004199425
1216437180765048833
1216428272075956224
1216245542558134273
1216215803768360961
1216203850392076288
1216203669504286720
1216203590999494656
1216203491732967426
1216190728386138113
1215890230344998912
1215886326567858176
1215841645976944640
1215832153717526528
1215817992170168320
1215749278250831874
1215691003933290497
1215690956277571584
1215448325866106880
1215418281722429441
1215331241068617728
1215329850384252928
1215042887932473345
1215030091568140289
1215010000516501504
1215009819918077952
1215009774439260160
1215009621930168320
1215006741315764224
1214963877298917377
1214963467980951553
1214804685632106498
1214673803936092161
1214626313555697664
1214396580788260864
1214310141685747712
1214294198561591297
1214263103132585984
1214262084927553537
1214025279502315520
1213973756059639808
1213665185291882496
1213638171675648000
1213536034828369920
1213243178163171328
1213237038985560065
1213231070977523712
1213158325564649472
1212908949151764481
1212597363715403776
1212584720157986816
1212584078706216960
1212583919448547328
1212583847293943809
1212583090943483904
1212582580698009601
1212574220623826944
1212567595049574400
1212567218489135104
1212566775667183616
1212537363508813826
1212520937007902721
1212519958275481600
1212461555943526400
1212456188169748480
1212304735761420290
1211861977099718656
1211857826101882881
1211724372110495750
1211488057838338049
1211468377186689026
1211466773616156672
1211344182259798017
1211337435692466177
1211093703810412544
1211076558674202624
1211067062916829185
1211064806213505024
1210774057521573888
1210762711618871296
1210660170440667136
1210441676730142722
1210392824174149633
1210392574122319873
1210385744050606080
1210385302545563649
1210267776721379328
1210245787378040832
1210043585636077568
1210028820817838080
1209981011267739649
1209979501645402112
1209927912184373248
1209922135700885504
1209721816815529985
1209721384697356288
1209594948212776960
1209577512793018368
1209571162566479873
1209553830284627968
1209546067210952704
1209303868414103554
1209301072033902593
1209298041427021824
1209296540595937286
1209295040666689536
1209291299993440257
1209275050005647360
1209269771268608000
1209267423599153152
1209262680617308160
1209258889419509767
1209258762072031233
1209208569410641920
1209161686177001474
1208811609730121728
1208805486843162624
1208535016445300736
1208534874426167296
1208510528429137920
1208492491449733120
1208137804976476167
1208135660135161856
1208135159398227968
1208040345784717316
1207880381736701952
1207808872422854656
1207771337533595649
1207758309169778688
1207744654747295744
1207722096174010369
1207458881850544130
1207453711221563392
1207382402122833920
1207160107827630081
1207153611744174080
1206657363320754177
1206651655107862529
1206440094489620485
1206440018325233664
1206385147198742528
1206335840634490880
1206311762422718464
1206305655658729472
1206303949466161152
1206273747499520002
1206267471658967040
1206267302070620160
1206266080056037376
1206094812828573696
1206036004932587520
1206035937312100352
1206007540301074437
1206000557565136897
1206000483581747201
1205986218657419265
1205950154697826306
1205941944200957954
1205902474059636737
1205902352391266305
1205730061564960768
1205659290079563776
1205659155580801024
1205646867771641856
1205646797164728320
1205643087323774976
1205642921946431488
1205635448523120642
1205635273335431170
1205627048150159360
1205619982995988481
1205379146249121793
1205083257919787008
1205068077081083904
1205068001696862208
1204937096055541760
1204937089088770048
1204652236283895808
1204545305292623872
1204519680217452544
1204519473098608640
1204509974723870721
1204499545234608129
1204495359222767616
1204495123347730432
1204305984685928449
1203911069938225152
1203890597930487808
1203884207711240192
1203805096573722625
1203739137737551872
1203549533457833989
1203525850240450560
1203461954792124416
1203118956854136833
1203118679568683008
1203046117937598464
1203041058034044928
1203029748877647872
1203006605211525120
1202790490413789184
1202688229817798656
1202662925091004416
1202428476462026759
1202361095832236033
1202324646802026496
1202323825595015168
1202323610779545600
1202323560804446209
1202306654433243136
1202089957617229825
1202059067541188608
1202053557848961024
1202053328730906624
1202007429069721600
1201974758130106368
1201922540437827584
1201715287348789248
1201711667832180737
1201682922022961152
1201660218569965573
1201660144477589505
1201659971189915648
1201657077040443393
1201656271255982080
1201623345369735168
1201623291523289089
1201611871561777152
1201609841040478208
1201583835328192513
1201582921775296515
1201399531327279104
1201302710986756096
1201300763437195265
1201291194375913477
1201274005207965696
1201270856363626496
1201218973238325248
1201046061332041729
1200973755431804929
1200858804629327873
1200509832064692224
1200505188605292544
1200502993235279872
1200500551483445248
1200328294492585985
1200288020672307200
1200250027949445122
1200249974535028736
1200232758712266753
1200230936899551234
1200230822562824192
1200230782171639808
1200176992861032448
1200173364972666880
1199917414843961344
1199862494073745408
1199795759584931840
1199760575191908352
1199528499062722561
1199526663085686784
1199526555124240386
1199512889859592196
1199456873608441856
1199429297385037825
1199205934989377537
1199205810292711424
1199199584708251649
1199196305152569344
1199196196708859905
1199088396049629184
1199088270828638208
1199079252705939456
1199077746837618689
1199053833571168256
1198912910409420800
1198826935989620736
1198775192475975681
1198746459572588544
1198687902189834240
1198463171125624832
1198447997035483136
1198414828290924545
1198406374998200321
1198384379308822528
1198340181360701440
1198156530513694720
1198156407956074499
1198154002250137601
1198111830415003648
1198057073658843138
1198054750240923648
1198043677001519104
1198002518384467969
1197975801016119297
1197934342657302528
1197754385150828545
1197622062921076736
1197611814390910976
1197401454354427904
1197271783818321922
1197269578067267584
1197257062176083968
1197066442614558721
1197041786427830274
1196951808402325504
1196951422467637248
1196918603569696769
1196885798559219714
1196863171388047360
1196721281816641537
1196673620212248576
1196526373214359552
1196206256802816001
1196201744386015232
1196199830776770560
1196177106805256192
1195964192680890370
1195961974959398912
1195947030935429120
1195937689016639490
1195927954880000002
1195826654007808000
1195823592975392769
1195735000953417729
1195708422718492674
1195581639583092736
1195535611618217986
1195535377878007809
1195503342048296962
1195494986231377920
1195494380410298368
1195492676805619712
1195489528682704896
1195486464164818944
1195125426315841536
1195122574809817088
1194818677821984769
1194808011673391104
1194798549134757888
1194789733164957697
1194756045127614465
1194736999581618176
1194588974322335747
1194588187298951168
1194469357734125568
1194446872972161024
1194419054749990912
1194407541112852480
1194400032062967808
1194399822612062208
1194399626515714048
1194399475084615687
1194396920782807041
1194395316511887365
1194394355353579525
1194393441397923840
1194250208957218816
1194027446221193216
1193812056555675648
1193654781492920320
1193421682821611521
1193417568331034624
1193416577753862145
1193411221459886081
1193311399583207424
1193307487052517376
1193198529776218112
1193197007214501888
1193193957586391041
1193150959993536512
1193047335724470274
1192951896673177600
1192497525141336064
1192492709904150529
1192492567687876608
1192206060976668672
1192169423655723009
1191891366839640064
1191891306785562626
1191884775214108673
1191884600869437440
1191882967401947140
1191798648289390592
1191548339700920320
1191547187341099009
1191535890041987073
1191518914171162624
1191477501878423553
1191446393757388800
1191401550406508544
1191132672136925184
1191124643412754432
1191122233386622977
1191066653435392000
1190826374749011968
1190811436206804997
1190781196231303169
1190774766824644608
1190768006197985282
1190714726889611270
1190682039978086402
1190676131940159489
1190675817606479872
1190675485170130944
1190456152791773184
1190455973699153926
1190455609230913536
1190452555622445059
1190435778049871873
1190435659120381952
1190435169401851904
1190432962174545920
1190419546735173632
1190419467848712192
1190419242836840448
1190418184605581312
1190418014019055617
1190417878849224704
1190417788961054720
1190414585997561856
1190410734955421696
1190410349318557697
1190410302463995904
1190410165406666752
1190408819832016896
1190400219743047681
1190350192865755136
1190104818599133184
1189987562611326977
1189987057038286848
1189732252147601408
1189719652449914880
1189719522900471808
1189713855603036160
1189698711661629440
1189673327058513921
1189642467420729344
1189633236109938688
1189595622707302400
1189445704172752897
1189339229555429377
1189296414184103940
1189281155591409665
1189281012045496321
1189271671628324866
1188994658610769921
1188603586998964224
1188154813042716672
1187886317796937729
1187872959764942848
1187872918186807297
1187829033976745984
1187816091910754304
1187806755071246336
1187799031889588229
1187492166295113728
1187478799471894528
1187477246144966656
1187454441126952965
1187451109759078400
1187445449361252352
1187445339038466048
1187438280180228099
1187403620657946625
1187403020637573120
1187209209516969984
1187163228125552646
1187156892734214144
1187148481212739584
1187147779245629441
1186861456840523776
1186778194034094081
1186768578915094528
1186680866950406144
1186509782053609472
1186472561602727936
1186461396478779392
1186460240725725184
1186450614189821952
1186145444314771456
1186017690122514432
1185725655515680768
1185698873928376320
1185698576120156161
1185675296864751616
1185637087405469696
1185258795867361280
1185235818639585280
1185235668122791936
1185002552678477824
1184986182335156224
1184713697609969666
1184643692503527424
1184634594617786368
1184587438204837888
1184581711969083393
1184577879889199105
1184507559840927744
1184379931196719104
1184323876970323968
1184198153374797824
1184193727931146240
1183830303967608832
1183816058462859264
1183806174568648704
1183459652970799104
1183455108031401985
1183454783945920513
1183453429659664384
1183197490553556992
1183161765422452736
1183110896626720768
1183093334970994688
1183068195323707392
1182822007571804162
1182821786427088896
1182816726360084480
1182713800530595841
1182539726311395328
1182487013779365888
1182461539606880258
1182458960172871680
1182448029753720833
1182341874155057152
1182333468237156352
1182027540690395136
1181810513820319744
1181365368624799745
1181357305368993792
1181357071704289280
1181356971292688384
1181319143523418112
1180637362696491009
1180626029905268736
1180578788763004929
1180251479329755136
1180221703223300096
1180200703773380608
1180200645267050496
1180200573578006528
1180175976925319169
1180169283248091137
1179540112683589632
1179536667394183169
1179535340412919808
1179514625676566528
1179289980520169473
1179219442921852928
1178859930700283904
1178789771637706752
1178697241818615808
1178588058460942338
1178537087093501952
1178476318800789504
1178413690799808512
1178092475870670849
1178091223849922560
1178085739621277696
1177749959187128320
1177749161963216896
1177737580873277440
1177646217901142017
1177473762788143105
1177408659506122754
1177405121426100224
1177359747818721280
1177345777472917504
1177322774601162752
1177321269873668096
1177030840385060865
1177030516547055616
1177030193807949824
1177016917703323648
1177016709456121856
1176677938747465728
1176672393395195904
1176672329230798848
1176665039660449792
1176634974671212544
1176565315989209088
1176549757344288770
1176328491530248192
1176326209006788609
1176323066458079232
1176321639358722049
1176215470728331264
1176210797816475648
1176187656197165056
1175900301628329984
1175900152592101376
1175896292859342848
1175870137825517568
1175868312015667201
1175867013895294978
1175837423583940608
1175671130561998848
1175639040655159297
1175619179296129024
1175583893631537153
1175535421914144769
1175505620314673152
1175505560994664449
1175505483022532608
1175502040325214208
1175495225680097280
1175466686624874496
1175332803241623552
1175139329208811521
1175112670057336832
1174851889948549120
1174479835822903297
1174466621068283904
1174461386815991808
1174451510731665409
1174450554010927104
1174356328761810944
1174139836501880833
1174076484786372608
1174055317954428928
1174003787947593728
1173850579656830976
1173823616401588225
1173795757582737408
1173794432111407104
1173793589052100608
1173662862050394112
1173407630267539456
1173402865848610816
1173088044225744896
1173053635988578304
1173043453149605888
1173032523565166592
1173032144135847936
1173031997750464513
1173019953223438336
1172967641050255365
1172919078333206528
1172709305029513217
1172709252974071808
1172688534467047424
1172590250377351168
1172577992477818880
1172576009985515520
1172575921544392706
1172422091682893825
1172238492287610880
1172229119548907520
1172228970823090176
1172209905035444224
1172180341055844358
1172000429837697025
1171960151462440960
1171955574088458240
1171952079964819457
1171945549433491456
1171945504550207488
1171832456418213888
1171635051806642176
1171600533309677568
1171596653909827584
1171585552925093888
1171581278002368512
1171446194817470466
1171249582329610241
1171248217125556224
1171244025464012800
1171167036031946753
1171166839805628416
1171104768183267328
1170974234706763776
1170929973638516737
1170929722961756160
1170909878384095232
1170904784208982016
1170890768363352064
1170889965007327233
1170839997890514944
1170753768519917568
1170532833531580417
1170519032597905408
1170500059823108096
1170457912738635776
1170406744847085568
1170394871556755456
1170394793244950528
1170234982016512006
1170233695518646272
1170151303781089280
1170151006773993472
1170141126407278593
1170035049019785217
1170017794550726656
1169795345334726656
1169793788203503618
1169770786204213248
1169718111961878529
1169655424989024256
1169464894351011841
1169458183837908998
1169458014236991489
1169457937284157440
1169389765814145024
1169375977702481920
1169317059777314816
1169123494405300224
1169079879893012480
1169079779120701440
1169062971881836544
1169053419853631489
1169049016585211904
1169034019243274242
1169033602383994881
1169033370912940034
1169020232448585729
1168972642604519424
1168971787654389762
1168970842161725440
1168970744673525761
1168959457692397569
1168957594624503810
1168948905104556033
1168944418134667266
1168738879165235200
1168726148819210241
1168724349320171520
1168724282806960133
1168702992356270080
1168702985678934016
1168655753332215809
1168624562130411520
1168596674744180737
1168595848776671236
1168587886553227271
1168577381314920448
1168577355050180608
1168392093871394816
1168391972664426496
1168385533531131905
1168376140446105606
1168370808080613384
1168370754322227200
1168324638239162368
1168314535180001280
1168313727084425216
1168313417360297984
1168313205774372864
1168246674856144896
1168242414470877189
1168242336800755712
1168236731830661120
1168222607734296577
1168217101883990016
1168209037311111169
1167984318150410243
1167984201070592000
1167981946397323265
1167978804104454149
1167976891719938048
1167956342465687552
1167937031634210817
1167936984125362176
1167916089050714112
1167908286261129216
1167908274898784258
1167868723539017730
1167723632337932289
1167635279890378753
1167621480282066945
1167619447181283329
1167615672236425216
1167516947774197760
1167500082037452800
1167477529562640384
1167342522500149249
1167330975186948097
1167320364969414659
1167320061259866113
1167320005022584834
1167316634039537669
1167238597310705664
1167232013587402752
1167231953239715840
1167222122776711168
1167221956384456706
1167221832203681793
1167211818525179904
1166776145955586050
1166380811404238848
1166062967730757636
1166062746275762176
1166050727740891136
1165808787296440320
1165798154643464192
1165772041925971969
1165757006214352896
1165755930543157249
1165684854421213184
1165533907028041729
1165465158006624258
1165450628224569344
1165423282092265472
1165423200328507392
1165422868869464064
1165422805476769792
1165400820847800320
1165400789851897856
1165400744159170561
1165400713490391041
1165399205994586112
1165150916116283393
1165135262621396992
1165102582722777090
1165045353634119680
1165026656517406720
1164967985527738369
1164733598068461573
1164656760033927168
1164653527651590146
1164650766218383360
1164649312652943360
1164586879544512513
1164581799101517824
1164581551218102272
1164322263379800065
1164314003411128326
1164036282625871872
1163998740346097665
1163920977295581184
1163867529049100288
1163620824571494400
1163619314676596736
1163582209522982912
1163573011804327936
1163568547588534275
1163531863853375488
1163527713774194689
1163524881700364289
1163522407874752512
1163512520407044096
1163491118845005824
1163488032562958336
1163487853361319937
1163190070511206400
1163183522665750528
1163143061074927617
1163008321621594112
1162947749261615104
1162931044720398336
1162902033671680000
1162901956437741568
1162901913114775559
1162898849049894913
1162889270379474944
1162887601264611329
1162837463900938240
1162835933206470656
1162831488796090368
1162827427984187394
1162825879090683905
1162825793728176128
1162443190118449152
1162096447816458241
1162066375499640832
1162042893613162496
1161854516834099200
1161845743247740928
1161744748727525376
1161711622143930368
1161709458646372354
1161698841701179392
1161642454413479936
1161509576631566336
1161508456362389504
1161501653532647424
1161489058750771200
1161488719045693440
1161488641262329857
1161487989761073152
1161486077191999489
1161461956089245696
1161130653091393537
1160989656042708992
1160728336542228480
1160727379033018368
1160727195536330752
1160725990491869185
1160725635750191106
1160724369326264320
1160707652684357632
1160681866283716608
1160630979439935488
1160355932305412102
1160292491175743488
1160043092923129857
1159984256959098880
1159983347851882496
1159882463927136258
1159677624433532928
1159645491375661056
1159535287925559297
1159235326079950848
1159212325900959745
1159204722596696064
1159174487733964802
1159140816540954624
1158991638561083393
1158984078848172032
1158944727648964608
1158944611697483777
1158943065324867586
1158935267744473090
1158935141638524928
1158930752899129344
1158930697039388672
1158930637169934343
1158928957833527296
1158885430160347136
1158882327067447296
1158808569908613120
1158776335671545856
1158506268119535617
1158419548166488064
1158239717587968000
1158194541456842752
1158167418528649216
1158082800387420162
1158067636262952960
1157870601039568898
1157853845965246465
1157841635306160130
1157818731277324290
1157808975548600320
1157808915062513664
1157808850285654016
1157803412060119040
1157794369870524418
1157734859692843008
1157722933529157632
1157503707140915200
1157494062863151104
1157488639258980352
1157488440507654144
1157486336837685248
1157441283905822721
1157440873325449216
1157440758552526848
1157430609658073088
1157322395079696384
1157068838749396992
1157030296992112640
1156976800255188992
1156711387806089216
1156631870102052864
1156621027528474624
1156612944777469952
1156608330837610496
1156608115468406785
1156601183877787648
1156377157179887616
1156377056143269888
1156375936020824064
1156342725408542720
1156337413251190784
1156337053161836544
1156334970677280768
1156333921929314305
1156331633382813696
1156330592637575168
1156329615050149889
1155958377823948802
1155957112704344067
1155639576637009921
1155594034057867264
1155575274412445696
1155574453662650368
1155574226398535680
1155574161365856256
1155563458923864064
1155267329380380672
1154869349255012352
1154609377837383681
1154538714279731200
1154204822494572549
1154163571653111808
1154159659751636992
1153728803224485888
1153718787700490240
1153705458688913410
1153313150386597888
1153147268884652032
1153105877118795776
1153103697204768768
1152978735701774337
1152778903078895617
1152736481653354497
1152732871632683009
1152721338433327104
1152693841935257600
1152347270563524608
1152333120558944257
1152332291177234432
1152325132368535552
1151998689751121920
1151947977742618624
1151923993798012929
1151918043506737153
1151621123714375686
1151597617815535616
1151590503969722368
1151517769810104326
1151504834408800257
1151306783312367616
1151305933957419008
1150844489272983553
1150786931787104256
1150561430325719041
1150561385165705216
1150558724840288256
1150516501213900800
1150477496548069376
1150203796326244352
1150189670367551488
1150108971866324992
1149776248500973568
1149463064703430656
1149459821080354817
1149379399810031616
1149363118587310081
1149354015131463682
1149189655130062848
1149120373528514560
1149104675267813376
1149104661116231680
1149087098986647552
1149058338845421568
1149058017591042049
1148973605482463233
1148684380224622592
1148623833961623553
1148339097573871616
1148336188723359744
1148300460173848577
1148293527803056128
1148293313683832832
1148293292242530304
1148289780976799744
1148288268049403905
1148246478642565125
1147984583519961088
1147972025677299712
1147951905298980864
1147951839901442048
1147914481202110465
1147700635212505088
1147699201817452544
1147695719542710272
1147695537426030592
1147695141106278400
1147691321626255360
1147682213577670658
1147509459503046656
1147379171619770369
1147363578707468288
1147349972402049024
1147348500801134593
1147347969793875968
1147223161424867329
1147221235392081920
1147220902288826368
1147208552005586944
1147208133653102592
1147208003080167425
1147204064653926400
1147201797150380033
1147180791694147585
1147025414029582336
1147020506513547264
1147020286035841024
1147006817668517888
1147002051815043072
1146992871628607488
1146982482119495680
1146954451648860160
1146951463358177281
1146886623008657410
1146885586256404480
1146828595760734208
1146581741009694720
1146577548786061312
1146577421732200448
1146577305227018241
1146576909330817024
1146570036049403904
1146505941946261505
1146492285388898304
1146480079108620288
1146447228157849601
1146276098260516866
1146199010828378112
1146190333073453057
1146189692678725632
1146096843148763136
1145866516270706688
1145857657510645761
1145848583406514178
1145827739343052800
1145824226030395393
1145820375726428161
1145814152809574400
1145813090472120320
1145771620293677056
1145756242813411328
1145753668081160192
1145548706797608960
1145548621238026241
1145484787047522309
1145360970396520448
1145150413542268928
1145126019948371969
1145106061721948160
1145090163778785280
1145089646973472768
1145087805665603584
1145086862563786752
1145085006814957568
1145008551250690049
1145006256450490369
1144807831637385216
1144802089110921216
1144778926771691521
1144759231423242241
1144758349294030848
1144749187608694784
1144714015207120896
1144713207518396417
1144429564321394688
1144291433253236737
1143996773783887872
1143912016978960384
1143762356461158400
1143630610264711168
1143589564113514497
1143305457836027904
1143298279066591232
1143253951774515200
1143185959128719360
1143155533572182016
1143149130618814465
1143147613606182913
1142935902173315077
1142934656687284224
1142884290960580610
1142814488560672768
1142804722400677889
1142643130975391744
1142519607183331328
1142518660239523840
1142253128600961024
1142232342557265920
1142219945876631553
1142218646942552064
1142212759851012096
1142208714247757824
1142208542071558144
1142205445886685185
1142205062506328064
1142146061290659841
1141957741986164736
1141957397730213888
1141956630185222144
1141838495197085696
1141837914097115141
1141837812389548032
1141828264845107200
1141826128891588615
1141801998322479105
1141437352906285058
1141433647523909633
1141432019085381632
1141396071882678272
1141230467754221568
1141059008100483077
1141056880812482561
1141056446341296142
1141053692881395714
1141053535167156225
1141053281936039937
1141051346776481792
1140718658966216704
1140715820215144451
1140701764334870529
1140538125170536448
1140533907923714048
1140533791766638593
1140475207250935809
1140473976449191937
1140400834460540928
1140396335121649666
1140396262375563265
1140375710525038592
1140304922476339201
1140304776699138049
1140302382103797760
1140299507441127425
1140294687921561600
1140075718979674112
1140072741841723392
1139988554430332928
1139766549038845952
1139753834903818240
1139744044383264775
1139742689501405185
1139670411451363328
1139614545138221056
1139582094311510016
1139382933951619072
1139382892784578567
1139344706821734400
1139344002887503872
1139302154043187200
1139269863900237824
1139269767439630337
1139240979553087488
1138994559944290304
1138991069268328448
1138990993083027456
1138990932068405248
1138989843172679680
1138891292488871936
1138885143442051072
1138624769547354112
1138612008830455808
1138511253599428608
1138494422935490560
1138290032203091975
1138281543783161857
1138277236723703808
1138262992401915906
1138165421335490560
1138136081952493577
1138127677259337729
1138127526553739264
1138121938822258688
1137897922031341568
1137892331808366592
1137814878926790657
1137786355587510272
1137534038095278080
1137524279904428034
1137258151143649280
1137184576927703040
1136847180147220481
1136847134152482819
1136812115585486848
1136722949858242560
1136677657846767616
1136667568284917760
1136484064469213185
1136428853209907201
1136428383238123520
1136427934850248705
1136347367920218112
1136138004295081985
1136126904753201152
1136078959664218112
1136077506228805632
1135989202863005696
1135959056764420096
1135766668452421632
1135672064285614080
1135617587830697987
1135448798321188864
1135397505854627841
1135369992822611968
1135365847956873216
1135365491344650241
1135365431064031237
1135278481086935040
1135277259806216192
1135272547086286849
1135250381317869568
1135098712181469184
1134922814375358464
1134897693367529473
1134890620567281664
1134870206944141313
1134749785619984386
1134729757675835393
1134649602689253377
1134640964033585153
1134611245145788417
1134592678312595457
1134332354485338113
1134291382040850432
1134265107704233987
1134183109048410112
1134175572962217984
1133927825562406920
1133839133745377281
1133826841796419584
1133824597596393472
1133788256837881858
1133644869082107904
1133537068758388736
1133515337247281153
1133475170847404032
1133449628513292288
1133247950224650241
1133162639620599808
1133131084009361408
1133130969605582848
1133130911493513216
1133129833376931840
1133089099688972288
1133088985331277825
1133084694260592646
1132716667056709632
1132456564432883712
1132389958965026816
1132388658806308865
1132382306973282305
1132370701560631296
1132370267177594881
1132362657737072640
1132165463058685952
1132164282462789633
1132156414883794944
1132070643367796736
1132021654513541121
1131984437103644672
1131801584902344704
1131750293635457025
1131712794905042946
1131647729178775552
1131448952509718528
1131412969873534977
1131368144201760770
1131322237326258177
1131311692091088897
1131311518182547456
1131297121745813504
1131252621287645184
1130941837651275776
1130909045856956416
1130691905988177921
1130667864157896705
1130660816364040193
1130622210173857792
1130618796702437376
1130601257414975488
1130594548273405952
1130578803640586240
1130578577508823040
1130571415457951744
1130424087824687105
1130181647939170305
1129947690115182597
1129939376069259264
1129939325318156289
1129904516130693121
1129901509024526336
1129865115551932417
1129608735825858561
1129583438531506176
1129193654289981440
1129106937604259840
1129097119371915264
1129096868124737536
1129087235213496320
1129086465768472576
1129086318955323392
1128936798221025280
1128791729623117824
1128789963846197248
1128758121743114240
1128735225524023296
1128733645764583424
1128733293912838144
1128733173863501825
1128732731284905984
1128732186813689856
1128731911633768448
1128722634085036033
1128720718101794816
1128532775500275712
1128506013034762242
1128477678854524928
1128477290260598785
1128477119963525120
1128477041362214913
1128476735396204544
1128470285055750144
1128423870833106944
1128399358162923520
1128380949954158592
1128380776683319297
1128380434595831808
1128380347534569472
1128380236117217284
1128372171909189633
1128372158118354944
1128204453755011075
1128202793108381698
1128200185484460032
1128199840159023104
1128162621604093953
1128111089298788352
1128107444213706752
1128095401481867267
1128095036187353088
1128054196186402817
1127696476715372544
1127690371830435840
1127651487746674688
1127643797918085120
1127640327374790658
1127639857965125632
1127638260878962688
1127463936305942529
1127356513511624704
1127310083740786689
1127300776403988480
1127300677477126144
1127300603804127232
1127300350023618560
1127300266779234304
1127289983885135873
1127289893061677056
1127287514400563200
1126996464121421824
1126996376968019968
1126983988810113024
1126927681063227397
1126616032146219008
1126386101151604736
1126294008982990848
1126285208553046016
1126277703894650880
1126218441457725440
1125834462552444928
1125571962321768448
1125562344371675138
1125557017517539328
1125473241550606336
1125234147146866688
1125217289777831937
1125212651951276032
1125108067161350144
1125107552881082371
1124859533128454144
1124848216510320640
1124826686447439872
1124824744644075521
1124769258838192128
1124761833217429504
1124758932830818304
1124537861443706880
1124537659991384064
1124419441758883840
1124419309667622912
1124178727464652802
1124178448358854656
1124053413170503680
1124051444661915649
1124037055095431169
1124035220058136576
1124034550693339137
1123777440759910401
1123677356848242689
1123673386603962369
1123447873130070018
1123436271026589696
1123436214466465792
1123412190713671681
1123388042843025408
1123379567152943104
1123377581380661249
1123375086973493248
1123375036306354176
1123352217732313089
1123350606855335936
1123061281072615424
1123044970334568449
1123040129851904000
1123037311669641217
1122981530421252096
1122720769820127233
1122666364869570560
1122652362076774400
1122619031335227392
1122618965941866496
1122613054418481152
1122601558632308736
1122600820539715585
1122595108317065217
1122415659269246976
1122414850510974976
1122364227425947648
1122347375169691653
1122313572543938561
1122253875887497216
1122253323359309825
1122247106670972928
1122236629060472833
1122169788720013312
1121834452282269697
1121828385674514434
1121704964730941441
1121641499337166848
1121616359505289216
1121552241524035586
1121549820462682112
1121517654013923328
1121495061554843649
1121490740658393088
1121487799989850112
1121487768989753345
1121485964621123584
1121485656776011776
1121255992967094273
1121245855174914049
1121234066093641728
1121208945916334081
1121205667371479040
1121179731154522112
1120891637486342145
1120838809879322624
1120791326440603649
1120775221034618880
1120772200494059520
1120744957092847616
1120743801566318594
1120527249638400001
1120518284183506948
1120506353318076417
1120466493291077632
1120444555998920705
1120430355046129666
1120426518717530114
1120087010717229056
1120086960255582208
1120036134531112960
1119849374979256320
1119783296831856640
1119783207354781696
1119783066929491968
1119743246861651969
1119742330385211393
1119705753038671872
1119703371709988864
1119678281798705152
1119291641347526656
1119290596554711049
1119289490948812800
1119110638242975744
1119080980340285443
1119018424670117889
1118917222125039616
1118914675268182016
1118815754315370496
1118813044904120321
1118787835199254528
1118770532340514816
1118768394512125952
1118758375066439680
1118756224424480768
1118755519135506432
1118752332999614464
1118751015665188864
1118749715502227456
1118736241577480193
1118666439425019904
1118630707595603968
1118618047961452544
1118602917634723840
1118602083316330496
1118601356569300992
1118368707129020416
1118254364735328256
1118209811043110912
1117862477037854724
1117856242217750530
1117724879669870592
1117555972728340480
1117523881898778625
1117519933255163904
1117511806753419264
1117508391675600896
1117477741698351105
1117426698528727040
1117175433223651328
1117172933909258240
1117110940040945665
1117109579333156864
1117106643920195584
1117106486952566784
1117100280062140416
1117072176123871232
1116969275527450625
1116969085445734400
1116949085003632640
1116827234055139328
1116826197252558849
1116825866493931520
1116822608731869184
1116821397584711681
1116821252050698241
1116821235332263937
1116687110281494528
1116644787652845568
1116601623671820288
1116589785580105729
1116482535029010432
1116482164156035074
1116475553555423232
1116429838523355137
1116389827144847361
1116295705935712256
1116293025418940416
1116292888797884416
1116092132400467969
1115924187204530176
1115576560285696000
1115479701009645568
1115478828640612353
1115478355653091329
1115473019248545792
1115472026721034241
1115409127336022017
1115372378488549376
1115372135952867328
1115372023943958531
1115371958487670784
1115371932998934528
1115357268051152898
1115264338502270982
1115264247242600448
1115193556635877376
1115028239167164416
1115001314210189313
1114860303282573312
1114753533935607808
1114646272227540993
1114613116883611648
1114597620343758849
1114597471450087426
1114575312568762369
1114558682086268932
1114557728708366336
1114557472960700416
1114557038908993536
1114377306884022273
1114372261572562945
1114371472858869760
1114330405493018630
1114329068009181185
1114328868385484801
1114323825200521217
1114269839030226945
1114269553322807296
1114267482590597120
1114260070575923200
1114230978803683328
1114230513546326016
1114025434176339968
1113890735860801536
1113862162902945792
1113862106581856256
1113862060129972224
1113858672461930496
1113722348383789061
1113547862283972608
1113532556664745984
1113521573133033472
1113521510465937408
1113496006782357504
1113315305671913472
1113314976687464449
1113313227276836870
1113303940005715970
1113280458999992320
1113276377476718592
1113275860805492736
1113275071487926274
1113264041177296896
1113255037155794945
1113254908151554048
1113208679895928832
1113169614609846272
1113169588005462016
1113165011323506690
1113137550112116736
1112812589099040769
1112808704062062592
1112797082954285056
1112795382688313345
1112480370492989441
1112444812471357440
1112251611131211776
1112143466736152576
1112135589141180416
1112125332625068032
1112125317227798528
1112079540380008448
1112072632667508736
1112071529938845696
1112071097380306944
1112070922498793472
1112068449683922944
1112062829362733056
1112048607593558017
1112044985845608448
1112043479721345024
1111907357640945664
1111895120641613825
1111894585154781185
1111755623195009025
1111712474649096192
1111707600502943744
1111694667836329984
1111550633436274688
1111484458467618816
1111459778465681408
1111389301453938689
1111381166831996928
1111366923709616129
1111363811926142976
1111335389808087040
1111321829656809472
1111027125908201472
1111024284359491584
1111023765238878210
1111023692929130496
1110935299981365248
1110744003304001536
1110721625823928320
1110694435187113984
1110655900665024512
1110442052406239232
1110441758100353024
1110314248670859264
1110311695585468417
1110310608333758464
1110071442379399168
1110070727871332352
1110024449061875712
1110022976802426880
1110022776566349825
1109899168720420864
1109887222130466816
1109866520098672641
1109648571962265601
1109648308308328448
1109648128586575872
1109564501920092160
1109300779439943680
1109200215997767680
1109200169143140352
1109200113488916480
1109191693553692672
1109176614653325312
1109153913427525632
1108987185988931584
1108907103526236162
1108906352666013696
1108906328288681989
1108901798364872704
1108865295219720192
1108864285545906177
1108857346833285120
1108838542640214016
1108830070930460673
1108826190561722368
1108553038556327936
1108552998693691393
1108514392138629120
1108514155777015808
1108497809966129152
1108473352845316096
1108473147102105600
1108472905401171968
1108472822257483776
1108472748152512512
1108466193738821632
1108465874086690816
1108464597357326337
1108303914632282112
1108279433499021312
1108256602337865729
1108209658097876992
1108208366369665025
1108200494650974208
1108142129128177664
1108115341844992000
1108114297765294080
1108112825065431040
1108054023024721920
1107856573295017984
1107768808360435713
1107768455443275776
1107728454231838720
1107723749812375552
1107722115107573760
1107721599778619399
1107569578840715266
1107564239412092928
1107425741115809792
1107413667052580864
1107411073068482560
1107408775831404545
1107408720986693632
1107326187594870784
1107154332577730560
1107134523613962240
1107133920389136384
1107102084900376578
1107085654180032513
1107078889845620736
1107041017901932544
1107041010901618688
1107021308758351873
1107020857103118337
1107017765053849600
1107017473155465216
1107012344465379328
1107011501477421056
1106997641152389120
1106994437295468545
1106991147820277761
1106985619861827585
1106985517722169344
1106984835279519744
1106976970565255168
1106975546053844993
1106975468899565569
1106975374901014528
1106975310954680320
1106975093396131840
1106975056846974978
1106975005076684800
1106974961481072642
1106974889708183552
1106974850118111232
1106964991930851329
1106964896489435136
1106964269675929600
1106720855315210240
1106674381017604097
1106671503062388736
1106667104160210944
1106644464833945600
1106424369524301825
1106412109032648704
1106376505343381504
1106341548956868609
1106341452877950977
1106340057810526209
1106317095334088704
1106316984717697024
1106302686910021633
1106302491287707650
1106301463813197824
1106282212033347584
1106281180553342977
1106281112798527488
1105959485829320704
1105959386231377921
1105909813559480320
1105740003181641728
1105690929292345344
1105688462487773184
1105602470472867842
1105602467616583682
1105319806721392640
1105259713048936448
1105233243987599360
1105206284943388672
1105206019683082240
1105150724944551936
1105150716799156224
1104952996343906304
1104647577490714624
1104487477794922498
1104477279600566272
1104258230610419712
1104257902615814144
1104194573415284737
1104190791411351552
1104106303490674688
1104105894751563776
1104105572532576256
1104091611753902080
1103900871937544194
1103866554070884352
1103865757308350466
1103864436421386247
1103816833088421888
1103782258161270784
1103775989966880768
1103731568290324480
1103504171490148353
1103504105484374016
1103502726535643136
1103477961938747392
1103471071179620352
1103467262525071361
1103463295468527616
1103451519058231297
1103410190945181701
1103382700243660800
1103381690280370177
1103174977858134018
1103023909937438721
1103002488737738753
1102981229123530753
1102971931341467648
1102803353052954626
1102799601491369984
1102724472077840384
1102724226681696256
1102722739146698752
1102722499777769472
1102708182621708288
1102706670822600704
1102705998014234627
1102698983804170240
1102698684238594048
1102447967531806725
1102446062512427008
1102433598051770370
1102432147070058497
1102426552384446464
1102410525491617792
1102410307593396224
1102397658805620737
1102337309104431104
1102330305426280449
1102329035604910082
1102110319176908800
1102110059864027136
1101979378886430720
1101703120764067840
1101703021354934273
1101701573980303361
1101696909486448641
1101696481923198977
1101591898525851648
1101586667666718721
1101582843036094464
1101366586487771136
1101323906596495361
1101277092501585921
1101276991972470785
1101267808351072256
1101205199635460096
1101199772965171201
1101045375677300737
1101044654508634113
1100852393904766976
1100835146704416769
1100835080249913344
1100834927971467264
1100595020384489472
1100556192198275072
1100556099076349952
1100523201333911552
1100523119297495040
1100516585276563457
1100516513163800576
1100516193713049603
1100254035347677185
1100192524478619648
1100181694055776256
1100174543463821312
1100171105359212544
1100170393892110336
1100168680464355329
1100168171154157568
1100162946057986050
1099840166649245696
1099784913518239747
1099757101801336832
1099555084763947009
1099548381888663558
1099548266620801024
1099546038619144193
1099545803620724741
1099542595724689409
1099540493531136005
1099453920269631488
1099452898910457856
1099423287208173569
1099411557438504962
1099211414185508864
1099185543705878528
1099050415977418752
1099015833337004032
1098747559290449920
1098648023624601601
1098457797790855169
1098426305865953280
1098397602263883776
1098386238006976512
1098384873192972288
1098383728173211648
1098326666902855680
1098142493340688385
1098030106117689344
1097934054941351936
1097717772157472768
1097717012963328000
1097576603813478400
1097574882466918400
1097574718385737728
1097574167728123917
1097284698701684741
1097262531230392320
1097231332894068736
1096991589983969291
1096923201492242432
1096859133624541184
1096706321879986176
1096576299093479424
1096509844238921728
1096500079823749120
1096263151442489345
1096194038900781057
1096192947920416769
1096182914939645953
1096177576484065280
1096161271341146112
1096161192815452160
1096159849899909120
1096151233436372992
1096134029491879936
1095959147990806528
1095958953899347968
1095955969396289536
1095905612569837569
1095902557396918274
1095902416627687424
1095895309157203968
1095894934551330816
1095783632260583424
1095517572424916992
1095443122102820865
1095443020223135744
1095442917559132160
1095442801251078144
1095435853730443264
1095430640520982528
1095199739933380608
1095160523367182336
1095156998348271618
1095102495091650560
1095102428163129346
1095069428419485696
1095057078052220929
1095043208612990976
1095038307690409985
1095027500655116288
1095026716861358081
1094889122232238080
1094889109363974144
1094796842951270400
1094768960526925824
1094707913694666753
1094703870163341312
1094680868176551936
1094676286230777857
1094674863124402176
1094619437540360192
1094489135320973312
1094488951979630593
1094479340794916864
1094390253941473280
1094385743110144000
1094359217274671105
1094120228659720197
1094018717363499008
1094016388170080256
1094011783998664704
1093976728337186817
1093973960390107136
1093942661977825280
1093796071656943616
1093764927167258625
1093761999165517825
1093759503386857472
1093669150675759104
1093612834099843072
1093583840977666048
1093578178071687168
1093381769246601217
1093348671645569024
1093347147586523137
1093324308263297024
1093269975752630272
1093250217900617728
1092981064883003393
1092891151252639744
1092889336192716800
1092886556887511040
1092867905937494016
1092664355936583680
1092621702142472197
1092523528950231040
1092184924117856257
1092183044696363008
1092176949537996800
1092163610216820736
1092142723786694656
1091956382385922050
1091956270263787520
1091933962061017089
1091927278395617280
1091924924216692736
1091924793895542784
1091910963731750912
1091901496977846272
1091901055149924353
1091890542290452481
1091890253407744000
1091849445640089603
1091849420042207232
1091804017292906497
1091796803865829377
1091795708913496065
1091540787685318657
1091505228409499648
1091433021029343232
1091233436986011648
1091129023776739330
1091124164742676482
1091098124045606914
1091079704369520640
1091070026826735616
1090814118985064448
1090770528472784897
1090757057873993728
1090704285032079360
1090674960761118720
1090674513002414085
1090483544831344641
1090482977044279297
1090482526286532608
1090470329359622144
1090462841566519301
1090366820047978496
1090364560853237760
1089970575760535552
1089960834103529473
1089949936999747585
1089784461305176064
1089734996129079298
1089701170568880128
1089683715142217730
1089655363505348608
1089362543284412416
1089330893502570496
1089324389143740418
1089314352509837312
1089307743654047745
1089290880194830336
1089290778130636800
1089289270492184576
1089288359380279296
1089136438715793409
1089135311223996418
1089105214496489473
1089049592367321088
1089037589699530753
1089016952146792449
1089013000185491456
1088984265860308994
1088983963023130624
1088981112985137152
1088958808771174400
1088942475635539977
1088930894231027713
1088892009673302019
1088885963433086976
1088885884773109762
1088855926893891584
1088596952072237057
1088577935462854656
1088572006117855233
1088329774559182848
1088270686597013505
1088268508461379584
1088268282161856512
1088264297011019776
1088215984895193088
1088215451027427329
1088204278307598338
1088119399276367872
1087943684153360385
1087932056359919616
1087931234565713922
1087930813390434305
1087911416529481730
1087881477201645568
1087849557977788416
1087849540374343680
1087472178071625728
1087455235189104641
1087453966756077573
1087453365259255808
1087441965807951872
1087409720996970496
1087209044652118016
1087130138741854208
1087119337486348288
1087118848250208256
1087094213974548480
1087092279913832448
1087092224574124032
1087092023813824512
1087080518946979841
1087079889721745408
1087060242846801921
1086865144641015808
1086744483331371008
1086474208811479040
1086471209192087552
1086469451875213312
1086444918258581505
1086439446088568832
1086437613106388992
1086360624202801152
1086360546180362240
1086020542644215808
1086006805686177792
1085995741942734848
1085995078676447232
1085760323645104129
1085735149222821889
1085734897908514818
1085727391027064832
1085727222223167488
1085727094804377606
1085726015903621120
1085705339092127744
1085636330430689280
1085346921819004928
1085345667701080064
1085308858430451712
1085083664264744961
1084352827814600705
1084350147457241088
1084349776684961797
1084349358521208832
